# Created by Octave 5.1.0, Sun Oct 06 18:37:14 2019 GMT <unknown@sherif-PC>
# name: n
# type: global matrix
# rows: 1
# columns: 5
 0.00075659999999999996 51.644100000000002 169.47210000000001 119.75190000000001 216.76730000000001


# name: epoch_data
# type: global matrix
# rows: 1
# columns: 6
 2019 10 6 11 2 55.999968114774674


